9.799999999999999822e-01 7.192378741567522589e-04 8.007918749015144333e-04 4.465492111531295769e-11 4.277181537324515302e-03 1.194473433098775742e-03 4.817507575129836503e-03 8.588172351053968484e-04 2.404150289520208452e-03 4.279113110609357798e-03 1.909949737666545881e-03 1.861373554854038733e-04
7.192378741567522589e-04 9.799999999999999822e-01 3.064910959052393174e-03 5.893518778666961139e-03 2.858276300216904160e-03 2.103592976900648098e-03 -1.440065211618117470e-11 3.378950506909091780e-09 1.961732277066740096e-03 2.457599225559285207e-03 2.070162988746480481e-03 3.853011829947277722e-04
8.007918749015144333e-04 3.064910959052393174e-03 9.799999999999999822e-01 2.481124478614189430e-03 1.889175346196736525e-03 2.148685497808477170e-03 2.176820545504869670e-10 2.873046002782410346e-03 2.797163692008640574e-03 3.321895731510227882e-03 1.345822131051657797e-03 1.572355671223622147e-03
4.465492111531295769e-11 5.893518778666961139e-03 2.481124478614189430e-03 9.799999999999999822e-01 3.282348438243383893e-03 1.743303639022736502e-03 9.292046785613098288e-11 6.820575775110602600e-04 1.766638600839606646e-03 2.656233087998135720e-03 4.457319693572998789e-04 5.798248761087835537e-04
4.277181537324515302e-03 2.858276300216904160e-03 1.889175346196736525e-03 3.282348438243383893e-03 9.799999999999999822e-01 1.679665928438994630e-03 9.757589746804784352e-04 2.838838455343515709e-03 8.198041207109906144e-04 7.563334707468463440e-10 7.124995224079846111e-04 3.591978190001766501e-03
1.194473433098775742e-03 2.103592976900648098e-03 2.148685497808477170e-03 1.743303639022736502e-03 1.679665928438994630e-03 9.799999999999999822e-01 2.312706326558245599e-03 2.586358832028737547e-03 2.721811330914105366e-09 2.305999283546599377e-03 3.021936244547296282e-03 1.916757747450717460e-09
4.817507575129836503e-03 -1.440065211618117470e-11 2.176820545504869670e-10 9.292046785613098288e-11 9.757589746804784352e-04 2.312706326558245599e-03 9.799999999999999822e-01 1.660017657445826092e-04 2.064708900648596669e-03 1.271758058916284181e-03 2.018304606986161753e-04 1.767083170744985663e-03
8.588172351053968484e-04 3.378950506909091780e-09 2.873046002782410346e-03 6.820575775110602600e-04 2.838838455343515709e-03 2.586358832028737547e-03 1.660017657445826092e-04 9.799999999999999822e-01 1.649556659584792973e-03 9.176840994434164734e-10 4.072504192950182102e-03 1.924339942834803890e-03
2.404150289520208452e-03 1.961732277066740096e-03 2.797163692008640574e-03 1.766638600839606646e-03 8.198041207109906144e-04 2.721811330914105366e-09 2.064708900648596669e-03 1.649556659584792973e-03 9.799999999999999822e-01 3.242360510923507182e-03 1.365617452458377581e-03 2.781150694066781073e-03
4.279113110609357798e-03 2.457599225559285207e-03 3.321895731510227882e-03 2.656233087998135720e-03 7.563334707468463440e-10 2.305999283546599377e-03 1.271758058916284181e-03 9.176840994434164734e-10 3.242360510923507182e-03 9.799999999999999822e-01 3.420232952777767825e-10 3.109531540592704296e-03
1.909949737666545881e-03 2.070162988746480481e-03 1.345822131051657797e-03 4.457319693572998789e-04 7.124995224079846111e-04 3.021936244547296282e-03 2.018304606986161753e-04 4.072504192950182102e-03 1.365617452458377581e-03 3.420232952777767825e-10 9.799999999999999822e-01 3.710138944300544854e-03
1.861373554854038733e-04 3.853011829947277722e-04 1.572355671223622147e-03 5.798248761087835537e-04 3.591978190001766501e-03 1.916757747450717460e-09 1.767083170744985663e-03 1.924339942834803890e-03 2.781150694066781073e-03 3.109531540592704296e-03 3.710138944300544854e-03 9.799999999999999822e-01
