1.000000000000000000e+00 3.753420614978003213e-34 3.039269667093120091e-21 3.232987135564071922e-44 9.385023359368059388e-07 3.468490669186040799e-05 4.169184520263299038e-19 2.873878827067515714e-22 1.718094262200417846e-02 1.063641404060688966e-02 2.035760772513079343e-15 5.946986600299029695e-04
3.753420614978003213e-34 1.000000000000000000e+00 9.863719454133031972e-01 9.983290767504043872e-01 3.219264026150341351e-01 1.482139285628182035e-01 0.000000000000000000e+00 9.902790534474552597e-01 3.490810146454175183e-03 5.989559543576514732e-03 9.120836830777524495e-01 5.061949847828997595e-02
3.039269667093120091e-21 9.863719454133031972e-01 1.000000000000000000e+00 9.168449658396724544e-01 7.951128613368555476e-01 6.168452114477833703e-01 1.712552032032541535e-311 9.999972933837111277e-01 1.237134735017965115e-01 1.586595043250376424e-01 9.979971078197275025e-01 4.042278352934358665e-01
3.232987135564071922e-44 9.983290767504043872e-01 9.168449658396724544e-01 1.000000000000000000e+00 9.887490503718654455e-02 2.771900817262463318e-02 0.000000000000000000e+00 9.332079655066384261e-01 9.682232446550307888e-05 2.137874244461294797e-04 7.265620619183426054e-01 5.161987747831306254e-03
9.385023359368059388e-07 3.219264026150341351e-01 7.951128613368555476e-01 9.887490503718654455e-02 1.000000000000000000e+00 9.993977543835848021e-01 8.911404074283148921e-176 7.585279025468456560e-01 9.342099356261904797e-01 9.503453421552016112e-01 9.474985044589223637e-01 9.929716578633847046e-01
3.468490669186040799e-05 1.482139285628182035e-01 6.168452114477833703e-01 2.771900817262463318e-02 9.993977543835848021e-01 1.000000000000000000e+00 9.568708016095264897e-155 5.718756448667682291e-01 9.803227669287910562e-01 9.864207338151528282e-01 8.581353352248175526e-01 9.991658845986458592e-01
4.169184520263299038e-19 0.000000000000000000e+00 1.712552032032541535e-311 0.000000000000000000e+00 8.911404074283148921e-176 9.568708016095264897e-155 1.000000000000000000e+00 3.232720927303860263e-319 1.212544303678991879e-108 5.281372900525785483e-113 4.976852795205437450e-264 6.183997818598717917e-136
2.873878827067515714e-22 9.902790534474552597e-01 9.999972933837111277e-01 9.332079655066384261e-01 7.585279025468456560e-01 5.718756448667682291e-01 3.232720927303860263e-319 1.000000000000000000e+00 9.778671985077386219e-02 1.281363193613420104e-01 9.963571029815603275e-01 3.561471104065610516e-01
1.718094262200417846e-02 3.490810146454175183e-03 1.237134735017965115e-01 9.682232446550307888e-05 9.342099356261904797e-01 9.803227669287910562e-01 1.212544303678991879e-108 9.778671985077386219e-02 1.000000000000000000e+00 9.999897198659825071e-01 3.798018900975013157e-01 9.969173850076187282e-01
1.063641404060688966e-02 5.989559543576514732e-03 1.586595043250376424e-01 2.137874244461294797e-04 9.503453421552016112e-01 9.864207338151528282e-01 5.281372900525785483e-113 1.281363193613420104e-01 9.999897198659825071e-01 1.000000000000000000e+00 4.370754780805328199e-01 9.986717667656909159e-01
2.035760772513079343e-15 9.120836830777524495e-01 9.979971078197275025e-01 7.265620619183426054e-01 9.474985044589223637e-01 8.581353352248175526e-01 4.976852795205437450e-264 9.963571029815603275e-01 3.798018900975013157e-01 4.370754780805328199e-01 1.000000000000000000e+00 7.108888218345877918e-01
5.946986600299029695e-04 5.061949847828997595e-02 4.042278352934358665e-01 5.161987747831306254e-03 9.929716578633847046e-01 9.991658845986458592e-01 6.183997818598717917e-136 3.561471104065610516e-01 9.969173850076187282e-01 9.986717667656909159e-01 7.108888218345877918e-01 1.000000000000000000e+00
