0.000000000000000000e+00 0.000000000000000000e+00 0.000000000000000000e+00 0.000000000000000000e+00 0.000000000000000000e+00 0.000000000000000000e+00 4.149623099866581177e-01 0.000000000000000000e+00 0.000000000000000000e+00 0.000000000000000000e+00 3.718655095525952858e-01 9.999999999998352429e-01
0.000000000000000000e+00 0.000000000000000000e+00 0.000000000000000000e+00 0.000000000000000000e+00 0.000000000000000000e+00 0.000000000000000000e+00 0.000000000000000000e+00 0.000000000000000000e+00 0.000000000000000000e+00 0.000000000000000000e+00 0.000000000000000000e+00 7.623065076383963579e-01
7.457413279197555589e-01 5.231172514752919778e-01 0.000000000000000000e+00 0.000000000000000000e+00 6.672937682740809340e-01 0.000000000000000000e+00 4.110788595584767280e-01 0.000000000000000000e+00 5.457464352038585709e-01 8.103762733444406230e-01 3.604833615333340457e-01 0.000000000000000000e+00
0.000000000000000000e+00 0.000000000000000000e+00 0.000000000000000000e+00 0.000000000000000000e+00 7.655308280568072776e-01 0.000000000000000000e+00 0.000000000000000000e+00 0.000000000000000000e+00 0.000000000000000000e+00 0.000000000000000000e+00 0.000000000000000000e+00 0.000000000000000000e+00
0.000000000000000000e+00 0.000000000000000000e+00 0.000000000000000000e+00 0.000000000000000000e+00 0.000000000000000000e+00 0.000000000000000000e+00 0.000000000000000000e+00 0.000000000000000000e+00 0.000000000000000000e+00 0.000000000000000000e+00 0.000000000000000000e+00 8.262690588335325215e-01
0.000000000000000000e+00 0.000000000000000000e+00 3.044293022816549898e-01 6.170127053246253768e-01 0.000000000000000000e+00 0.000000000000000000e+00 0.000000000000000000e+00 7.278297670043285539e-01 0.000000000000000000e+00 0.000000000000000000e+00 0.000000000000000000e+00 0.000000000000000000e+00
0.000000000000000000e+00 0.000000000000000000e+00 0.000000000000000000e+00 0.000000000000000000e+00 0.000000000000000000e+00 4.518792140849767214e-01 0.000000000000000000e+00 5.138049853644037768e-01 0.000000000000000000e+00 0.000000000000000000e+00 0.000000000000000000e+00 0.000000000000000000e+00
0.000000000000000000e+00 0.000000000000000000e+00 4.066521633034154704e-01 6.083016495826936154e-01 0.000000000000000000e+00 6.248348326050873203e-01 4.972907057274539855e-01 0.000000000000000000e+00 0.000000000000000000e+00 0.000000000000000000e+00 3.753373643720654962e-01 0.000000000000000000e+00
6.430840305856926342e-01 4.909039682776562552e-01 0.000000000000000000e+00 0.000000000000000000e+00 0.000000000000000000e+00 0.000000000000000000e+00 0.000000000000000000e+00 0.000000000000000000e+00 0.000000000000000000e+00 8.004778891198232049e-01 0.000000000000000000e+00 0.000000000000000000e+00
0.000000000000000000e+00 0.000000000000000000e+00 0.000000000000000000e+00 0.000000000000000000e+00 0.000000000000000000e+00 0.000000000000000000e+00 0.000000000000000000e+00 0.000000000000000000e+00 5.090605481606763627e-01 0.000000000000000000e+00 0.000000000000000000e+00 0.000000000000000000e+00
7.143984552769092611e-01 4.513722400883545260e-01 6.938715191351273459e-01 8.000645824048843169e-01 7.361879780709991161e-01 3.062257684026586380e-01 0.000000000000000000e+00 5.243963928104012906e-01 4.008898199071157520e-01 8.801750400814730702e-01 0.000000000000000000e+00 0.000000000000000000e+00
0.000000000000000000e+00 0.000000000000000000e+00 0.000000000000000000e+00 0.000000000000000000e+00 0.000000000000000000e+00 0.000000000000000000e+00 0.000000000000000000e+00 0.000000000000000000e+00 0.000000000000000000e+00 0.000000000000000000e+00 0.000000000000000000e+00 0.000000000000000000e+00
