1.000000000000000000e+00 8.752340795119819550e-01 0.000000000000000000e+00 6.283586291668478152e-01 5.250146227906080654e-01 2.563800650528984537e-01 5.058121113567431992e-01 3.411015411523197760e-01 4.368545048138942066e-01 5.689710745733004282e-01 7.150557224438283122e-01 3.137381717728945918e-01
8.752340795119819550e-01 1.000000000000000000e+00 1.036092100036576785e-01 7.716313929151952244e-01 7.679243820611056925e-01 5.042071570656313506e-01 7.326342480958422110e-01 5.413000177220324005e-01 3.156326058924787126e-01 3.361953122107824155e-01 4.154040614745286852e-01 3.388277203801928206e-01
0.000000000000000000e+00 1.036092100036576785e-01 1.000000000000000000e+00 3.693580744445183472e-01 0.000000000000000000e+00 2.082526151133690107e-01 3.347178571014003956e-01 4.557624169120726432e-01 3.433164552393507818e-01 1.162207041687236542e-01 0.000000000000000000e+00 7.529898327928120638e-01
6.283586291668478152e-01 7.716313929151952244e-01 3.693580744445183472e-01 1.000000000000000000e+00 4.305646089415959277e-01 6.475701625428657016e-01 9.481679754649642300e-01 8.663967504150081878e-01 5.139451102102264857e-01 3.664037735058440770e-01 2.315661887656729756e-01 7.259475903202179392e-01
5.250146227906080654e-01 7.679243820611056925e-01 0.000000000000000000e+00 4.305646089415959277e-01 1.000000000000000000e+00 4.840496404610854508e-01 4.937380125933605868e-01 3.433688869900622387e-01 0.000000000000000000e+00 0.000000000000000000e+00 1.903340704407015804e-01 1.107378045854013060e-01
2.563800650528984537e-01 5.042071570656313506e-01 2.082526151133690107e-01 6.475701625428657016e-01 4.840496404610854508e-01 1.000000000000000000e+00 8.322621483986711866e-01 8.489448203704738072e-01 1.178875583400214311e-01 0.000000000000000000e+00 0.000000000000000000e+00 3.237505184895042021e-01
5.058121113567431992e-01 7.326342480958422110e-01 3.347178571014003956e-01 9.481679754649642300e-01 4.937380125933605868e-01 8.322621483986711866e-01 1.000000000000000000e+00 9.503067383595572570e-01 3.391348792915496180e-01 2.203703487299759622e-01 1.465152794890844101e-01 6.050766551666724169e-01
3.411015411523197760e-01 5.413000177220324005e-01 4.557624169120726432e-01 8.663967504150081878e-01 3.433688869900622387e-01 8.489448203704738072e-01 9.503067383595572570e-01 1.000000000000000000e+00 2.973184018926581240e-01 1.582472675350922175e-01 0.000000000000000000e+00 6.478226329840338638e-01
4.368545048138942066e-01 3.156326058924787126e-01 3.433164552393507818e-01 5.139451102102264857e-01 0.000000000000000000e+00 1.178875583400214311e-01 3.391348792915496180e-01 2.973184018926581240e-01 1.000000000000000000e+00 8.217229488730855014e-01 3.275988244953313977e-01 7.188319574911161691e-01
5.689710745733004282e-01 3.361953122107824155e-01 1.162207041687236542e-01 3.664037735058440770e-01 0.000000000000000000e+00 0.000000000000000000e+00 2.203703487299759622e-01 1.582472675350922175e-01 8.217229488730855014e-01 1.000000000000000000e+00 6.414926038168897726e-01 3.887091684887726273e-01
7.150557224438283122e-01 4.154040614745286852e-01 0.000000000000000000e+00 2.315661887656729756e-01 1.903340704407015804e-01 0.000000000000000000e+00 1.465152794890844101e-01 0.000000000000000000e+00 3.275988244953313977e-01 6.414926038168897726e-01 1.000000000000000000e+00 1.209569434798556109e-01
3.137381717728945918e-01 3.388277203801928206e-01 7.529898327928120638e-01 7.259475903202179392e-01 1.107378045854013060e-01 3.237505184895042021e-01 6.050766551666724169e-01 6.478226329840338638e-01 7.188319574911161691e-01 3.887091684887726273e-01 1.209569434798556109e-01 1.000000000000000000e+00
